20190901 012
20190901 013
20190901 014
20190901 015
20190901 016
20190901 017
20190901 018
20190901 019
20190901 020
20190902 009
20190902 010
20190902 011
20190902 012
20190902 013
20190903 018
20190903 019
20190903 020
20190903 021
20190903 022
20190903 023
20190903 024
20190903 025
20190903 026
20190904 016
20190904 017
20190904 018
20190904 019
20190904 020
20190904 021
20190904 022
20190904 023
20190904 025
20190905 012
20190905 013
20190906 010
20190907 014
20190907 015
20190907 016
20190907 017
20190907 018
20190907 019
20190907 020
20190908 013
20190908 014
20190908 015
20190908 016
20190908 017
20190908 018
20190908 019
20190923 012
20190923 013
20190924 013
20190924 014
20190924 015
20190926 008
20190926 009
20190926 010
20190926 011
20190926 012
20190927 018
20190927 019
20190927 020
20190927 021
20190927 022
20190927 023
20190927 024
20190927 025
20190927 026
20190927 027
20190928 015
20190928 016
20190928 017
20190928 018
20190928 019
20190928 020
20190928 021
20190928 022
20190928 023
20190929 012
20190929 013
20190929 014
20190929 015
20190929 019
20190929 020
20191001 010
20191001 011
20191001 012
20191002 014
20191004 017
20191004 018
20191004 019
20191005 009
20191005 010
20191006 021
20191006 023
20191006 024
20191006 025
20191006 026
20191006 027
20191008 017
20191008 018
20191008 019
20191008 020
20191020 015
20191021 014
20191021 015
20191021 016
20191022 015
20191022 016
20191022 017
20191022 018
20191022 019
20191022 020
20191023 016
20191023 017
20191023 018
20191023 019
20191023 020
20191023 022
20191023 023
20191023 024
20191024 018
20191024 019
20191024 020
20191024 021
20191024 022
20191024 024
20191024 025
20191024 026
20191024 027
20191024 028
20191026 016
20191026 019
20191026 020
20191026 021
20191026 022
20191026 023
20191027 015
20191027 016
20191027 017
20191027 018
20191027 019
20191027 020
20191027 021
20191027 022
20191027 023
20191028 013
20191028 014
20191028 015
20191028 016
20191028 017
20191028 018
20191028 019
20191029 016
20191029 017
20191029 020
20191029 021
20191029 022
20191029 023
20191029 024
20191030 014
20191030 015
20191030 016
20191030 017
20191030 021
20191030 022
20191030 023
20191030 024
20191030 025
20191101 013
20191101 014
20191101 015
20191101 016
20191101 017
20191101 019
20191101 020
20191101 021
20191102 015
20191102 016
20191102 021
20191102 024
20191104 015
20191104 016
20191104 017
20191105 018
20191105 019
20191105 025
20191116 008
20191117 011
20191117 012
20191117 013
20191118 012
20191118 013
20191118 014
20191118 015
20191118 016
20191118 017
20191119 013
20191119 014
20191119 015
20191119 016
20191119 017
20191119 018
20191119 019
20191119 020
20191121 009
20191121 010
20191121 011
20191121 012
20191121 013
20191121 016
20191121 017
20191122 010
20191122 014
20191122 015
20191123 009
20191123 010
20191123 011
20191123 012
20191123 014
20191123 015
20191123 016
20191123 017
20191123 018
20191124 013
20191124 014
20191124 015
20191124 016
20191124 018
20191124 019
20191124 020
20191125 013
20191125 014
20191125 015
20191125 018
20191125 025
20191125 026
20191125 027
20191127 003
20191201 016
20191201 017
20191202 020
20191202 021
20191202 022
20191202 032
20191202 033
20191202 034
20191202 035
20191202 036
20191202 037
20191203 019
20191203 026
20191203 027
20191203 028
20191203 029
20191203 030
20191204 027
20191207 018
20191207 019
20191207 020
20191207 021
20191207 022
20191207 023
20191207 024
20191208 023
20191208 024
20191208 025
20191215 011
20191216 011
20191216 012
20191216 013
20191216 014
20191217 011
20191217 012
20191217 013
20191217 014
20191218 012
20191218 013
20191218 014
20191218 015
20191218 016
20191219 011
20191219 012
20191219 013
20191221 008
20191221 009
20191221 012
20191221 013
20191221 014
20191221 015
20191221 016
20191221 024
20191222 008
20191222 009
20191222 012
20191222 013
20191222 014
20191222 015
20191222 016
20191222 025
20191222 026
20191222 027
20191223 008
20191223 009
20191223 010
20191223 011
20191223 012
20191223 016
20191224 008
20191224 009
20191224 010
20191224 011
20191224 012
20191224 013
20191224 025
20191224 026
20191224 027
20191225 016
20191225 017
20191225 018
20191225 019
20191225 020
20191225 021
20191225 022
20191225 023
20191225 024
20191225 025
20191226 017
20191227 009
20191227 010
20191227 011
20191227 012
20191227 013
20191227 014
20191227 015
20191227 023
20191227 024
20191227 025
20191227 026
20191227 027
20191227 028
20191229 014
20191229 015
20191229 016
20191229 017
20191230 016
20191230 017
20191230 023
20191230 024
20191230 025
20191230 026
20191230 027
20191230 028
20191230 029
20191230 030
20191230 031
20191230 032
20191231 026
20191231 027
20191231 028
20191231 029
20191231 030
20200101 021
20200101 022
20200101 023
20200101 024
20200101 025
20200101 026
20200101 027
20200101 028
20200102 016
20200102 017
20200102 018
20200102 021
20200102 022
20200104 025
20200104 026
20200104 027
20200104 028
20200104 029
20200104 031
20200104 032
20200104 033
20200104 034
20200105 023
20200105 024
20200105 025
20200105 026
20200105 027
20200105 028
20200105 029
20200105 030
20200106 021
20200106 022
20200106 023
20200106 024
20200107 025
20200107 026
20200107 027
20200107 028
20200108 031
20200113 010
20200114 011
20200114 012
20200115 013
20200115 014
20200118 009
20200118 010
20200118 011
20200118 018
20200118 019
20200119 011
20200119 012
20200119 013
20200119 020
20200119 021
20200119 022
20200119 023
20200119 024
20200121 008
20200121 016
20200121 017
20200123 011
20200123 021
20200123 022
20200123 023
20200123 024
20200123 025
20200123 026
20200123 027
20200123 028
20200123 029
20200124 017
20200124 018
20200124 019
20200124 020
20200124 021
20200124 022
20200124 023
20200124 024
20200124 025
20200124 026
20200124 027
20200124 028
20200124 029
20200124 030
20200124 031
20200125 013
20200125 021
20200126 013
20200126 022
20200126 023
20200126 024
20200126 025
20200126 026
20200126 027
20200126 028
20200126 029
20200126 030
20200126 031
20200126 032
20200126 033
20200126 034
20200126 035
20200126 036
20200127 020
20200127 021
20200127 022
20200127 023
20200127 024
20200127 025
20200127 026
20200127 027
20200127 028
20200127 029
20200127 030
20200127 031
20200127 032
20200127 033
20200127 034
20200129 020
20200129 021
20200129 022
20200129 023
20200129 024
20200129 025
20200129 026
20200129 027
20200129 028
20200129 029
20200129 030
20200129 031
20200129 032
20200129 033
20200129 034
20200129 035
20200130 014
20200130 015
20200130 016
20200130 017
20200130 018
20200130 019
20200131 016
20200131 017
20200131 018
20200131 019
20200131 020
20200131 021
20200131 022
20200131 023
20200131 024
20200131 025
20200131 026
20200201 020
20200201 021
20200201 022
20200201 023
20200201 024
20200201 025
20200201 026
20200201 027
20200201 028
20200201 029
20200201 030
20200201 031
20200202 023
20200202 024
20200202 025
20200202 026
20200202 027
20200202 028
20200202 029
20200202 030
20200203 023
20200203 024
20200203 025
20200204 021
