20170103 002
20170103 003
20170105 008
20170105 009
20170105 010
20170105 011
20170106 001
20170106 002
20170106 003
20170107 012
20170107 013
20170117 004
20170119 003
20170124 013
20170126 002
20170126 003
20170127 007
20170127 008
20170129 002
20170129 003
20170129 008
20170130 021
20170130 022
20170130 023
20170130 024
20170130 027
20170131 032
20170131 033
20170131 034
20170131 035
20170131 037
20170131 038
20170202 002
20170202 003
20170202 006
20170202 007
20170202 008
20170205 012
20170221 010
20170221 012
20170221 013
20170221 014
20170221 015
20170221 016
20170222 007
20170222 008
20170222 010
20170222 011
20170222 012
20170224 005
20170224 006
20170224 007
20170225 007
20170225 011
20170225 014
20170225 015
20170225 016
20170301 006
20170301 007
20170301 008
20170301 009
20170301 010
20170301 012
20170301 013
20170301 014
20170301 015
20170301 016
20170303 012
20170303 014
20170305 009
20170305 011
20170306 018
20170306 020
20170306 021
20170306 022
20170321 012
20170322 010
20170322 011
20170322 014
20170322 015
20170322 016
20170322 018
20170322 019
20170325 005
20170325 006
20170326 006
20170326 007
20170326 008
20170326 010
20170326 012
20170326 013
20170327 011
20170327 012
20170328 010
20170328 011
20170328 018
20170328 019
20170330 006
20170331 006
20170331 007
20170331 008
20170331 013
20170418 003
20170418 004
20170418 005
20170418 006
20170418 013
20170419 006
20170420 016
20170420 017
20170421 016
20170421 017
20170423 008
20170423 009
20170423 013
20170423 014
20170423 015
20170423 016
20170424 007
20170424 008
20170424 009
20170424 010
20170425 003
20170427 003
20170427 004
20170427 005
20170427 006
20170427 013
20170427 014
20170427 015
20170428 005
20170428 006
20170428 007
20170428 019
20170428 020
20170501 009
20170501 011
20170501 012
20170502 009
20170502 010
20170502 011
20170502 012
20170503 007
20170503 008
20170503 009
20170503 010
20170518 006
20170519 002
20170519 008
20170522 004
20170522 005
20170523 008
20170525 013
20170525 014
20170527 011
20170529 007
20170529 008
20170529 009
20170530 006
20170603 002
20170603 003
20170615 009
20170617 008
20170617 009
20170621 007
20170621 008
20170625 005
20170625 006
20170626 003
20170627 005
20170628 005
20170628 006
20170629 004
20170629 005
20170630 008
20170630 009
