20200101 021
20200101 022
20200101 023
20200101 024
20200101 025
20200101 026
20200101 027
20200101 028
20200102 016
20200102 017
20200102 018
20200102 021
20200102 022
20200104 025
20200104 026
20200104 027
20200104 028
20200104 029
20200104 031
20200104 032
20200104 033
20200104 034
20200105 023
20200105 024
20200105 025
20200105 026
20200105 027
20200105 028
20200105 029
20200105 030
20200106 021
20200106 022
20200106 023
20200106 024
20200107 025
20200107 026
20200107 027
20200107 028
20200108 031
20200113 010
20200114 011
20200114 012
20200115 013
20200115 014
20200118 009
20200118 010
20200118 011
20200118 018
20200118 019
20200119 011
20200119 012
20200119 013
20200119 020
20200119 021
20200119 022
20200119 023
20200119 024
20200121 008
20200121 016
20200121 017
20200123 011
20200123 021
20200123 022
20200123 023
20200123 024
20200123 025
20200123 026
20200123 027
20200123 028
20200123 029
20200124 017
20200124 018
20200124 019
20200124 020
20200124 021
20200124 022
20200124 023
20200124 024
20200124 025
20200124 026
20200124 027
20200124 028
20200124 029
20200124 030
20200124 031
20200125 013
20200125 021
20200126 013
20200126 022
20200126 023
20200126 024
20200126 025
20200126 026
20200126 027
20200126 028
20200126 029
20200126 030
20200126 031
20200126 032
20200126 033
20200126 034
20200126 035
20200126 036
20200127 020
20200127 021
20200127 022
20200127 023
20200127 024
20200127 025
20200127 026
20200127 027
20200127 028
20200127 029
20200127 030
20200127 031
20200127 032
20200127 033
20200127 034
20200129 020
20200129 021
20200129 022
20200129 023
20200129 024
20200129 025
20200129 026
20200129 027
20200129 028
20200129 029
20200129 030
20200129 031
20200129 032
20200129 033
20200129 034
20200129 035
20200130 014
20200130 015
20200130 016
20200130 017
20200130 018
20200130 019
20200131 016
20200131 017
20200131 018
20200131 019
20200131 020
20200131 021
20200131 022
20200131 023
20200131 024
20200131 025
20200131 026
20200201 020
20200201 021
20200201 022
20200201 023
20200201 024
20200201 025
20200201 026
20200201 027
20200201 028
20200201 029
20200201 030
20200201 031
20200202 023
20200202 024
20200202 025
20200202 026
20200202 027
20200202 028
20200202 029
20200202 030
20200203 023
20200203 024
20200203 025
20200204 021
20200215 018
20200215 019
20200215 020
20200215 021
20200216 012
20200216 013
20200216 014
20200217 016
20200217 017
20200217 018
20200217 019
20200217 020
20200217 021
20200217 022
20200223 014
20200223 016
20200223 017
20200223 018
20200223 019
20200223 020
20200223 021
20200225 018
20200225 019
20200225 021
20200225 022
20200225 025
20200225 026
20200225 029
20200225 031
20200226 021
20200226 025
20200226 026
20200227 015
20200227 016
20200227 017
20200227 018
20200227 019
20200227 020
20200227 021
20200227 022
20200227 023
20200227 024
20200227 025
20200227 028
20200227 029
20200227 030
20200227 031
20200227 032
20200228 016
20200228 022
20200228 023
20200228 024
20200228 026
20200228 027
20200228 028
20200228 029
20200229 015
20200229 016
20200229 019
20200229 021
20200305 011
20200306 026
20200315 013
20200315 014
20200315 015
20200317 014
20200317 018
20200317 019
20200317 020
20200318 010
20200318 011
20200318 012
20200320 019
20200320 020
20200320 021
20200320 022
20200320 026
20200320 027
20200320 028
20200320 029
20200320 031
20200321 013
20200321 014
20200322 014
20200322 015
20200322 018
20200322 019
20200322 020
20200322 021
20200322 024
20200322 025
20200322 026
20200322 027
20200323 014
20200323 015
20200323 016
20200323 017
20200323 018
20200323 019
20200323 020
20200323 026
20200323 027
20200323 028
20200324 010
20200324 013
20200324 014
20200324 015
20200324 017
20200324 019
20200324 020
20200324 021
20200325 016
20200325 017
20200325 019
20200325 020
20200325 021
20200325 022
20200325 023
20200325 024
20200325 025
20200325 026
20200325 027
20200325 028
20200325 029
20200325 031
20200325 032
20200325 033
20200325 034
20200326 008
20200326 009
20200326 010
20200326 011
20200326 012
20200326 013
20200326 015
20200326 016
20200326 017
20200326 018
20200326 019
20200326 020
20200326 021
20200326 022
20200326 023
20200326 024
20200326 025
20200326 026
20200327 012
20200327 013
20200329 018
20200329 019
20200329 020
20200329 021
20200329 022
20200329 023
20200329 024
20200330 017
20200330 018
20200330 019
20200331 021
20200331 022
20200331 023
20200331 024
20200401 014
20200401 015
20200401 016
20200401 017
20200403 021
20200403 022
20200403 023
20200410 012
20200411 011
20200411 012
20200411 013
20200411 014
20200412 014
20200412 015
20200412 016
20200412 018
20200412 019
20200412 020
20200413 013
20200413 014
20200413 015
20200413 016
20200413 017
20200413 018
20200413 019
20200413 020
20200414 014
20200414 015
20200414 016
20200414 017
20200414 018
20200414 019
20200414 020
20200414 021
20200414 022
20200414 023
20200414 024
20200415 009
20200415 013
20200415 016
20200415 017
20200416 012
20200416 013
20200416 014
20200416 016
20200416 017
20200416 018
20200416 019
20200416 022
20200416 023
20200417 016
20200418 013
20200418 014
20200418 015
20200418 016
20200418 017
20200418 018
20200418 019
20200418 020
20200418 021
20200418 022
20200418 023
20200418 024
20200418 025
20200418 026
20200419 013
20200419 014
20200419 015
20200419 016
20200419 017
20200419 018
20200419 019
20200419 020
20200419 021
20200419 022
20200419 023
20200420 013
20200420 014
20200420 015
20200420 016
20200420 017
20200420 018
20200420 019
20200420 020
20200420 021
20200420 022
20200420 023
20200420 024
20200420 025
20200420 026
20200420 028
20200421 011
20200421 014
20200421 015
20200421 016
20200421 017
20200421 018
20200421 019
20200421 020
20200422 012
20200422 013
20200422 014
20200422 015
20200422 016
20200422 017
20200422 018
20200423 012
20200423 013
20200423 014
20200423 015
20200423 016
20200423 017
20200423 018
20200423 019
20200423 020
20200423 021
20200423 022
20200423 023
20200423 024
20200423 025
20200423 026
20200423 029
20200423 030
20200423 031
20200424 010
20200424 011
20200424 012
20200424 013
20200424 014
20200424 015
20200424 016
20200424 017
20200424 018
20200424 019
20200424 020
20200424 021
20200424 022
20200424 023
20200424 024
20200425 010
20200425 011
20200425 012
20200425 013
20200425 014
20200425 015
20200425 016
20200425 017
20200425 018
20200425 019
20200425 020
20200425 021
20200425 022
20200425 023
20200425 024
20200425 025
20200426 015
20200426 016
20200426 017
20200426 018
20200426 019
20200426 020
20200426 021
20200426 022
20200426 023
20200426 024
20200426 025
20200426 026
20200426 027
20200426 028
20200426 029
20200427 015
20200427 017
20200427 019
20200427 020
20200427 021
20200427 022
20200428 017
20200428 018
20200428 019
20200428 020
20200428 021
20200428 022
20200428 023
20200428 024
20200429 014
20200429 015
20200429 016
20200429 017
20200429 018
20200429 019
20200429 020
20200429 021
20200429 022
20200430 020
20200430 021
20200430 022
20200430 023
20200430 024
20200430 025
20200430 026
