# $Id$
# $Revision$
# $Author$
# $Date$
# IFUSLOT X_FP   Y_FP   SPECID SPECSLOT IFUID IFUROT  PLATESC
000	   0.000	   0.000	900	900	900	0.000	1.000
013	-449.986	 150.008	412	241	043	0.000	1.000
014	-450.320	  49.730	411	221	077	0.000	1.000
015	-350.047	  50.081	410	224	039	0.000	1.000
016	-450.262	-150.129	409	242	036	0.000	1.000
021	-349.977	 350.228	315	218	073	0.000	1.000
022	-349.994	 250.096	316	247	052	0.000	1.000
023	-350.349	 150.127	313	255	010	0.000	1.000
025	-350.096	 -50.044	303	254	013	0.000	1.000
026	-349.960	-150.183	318	244	078	0.000	1.000
027	-350.084	-250.211	314	253	011	0.000	1.000
028	-349.942	-350.081	413	252	042	0.000	1.000
030	-250.000	 450.000	420	212	050	0.000	1.000
031	-249.970	 350.231	408	211	049	0.000	1.000
032	-250.053	 250.111	320	236	020	0.000	1.000
033	-249.868	 149.982	310	257	002	0.000	1.000
035	-249.866	 -49.934	202	238	074	0.000	1.000
036	-249.867	-149.958	302	235	041	0.000	1.000
037	-249.902	-250.236	306	228	057	0.000	1.000
038	-249.931	-350.021	414	251	035	0.000	1.000
039	-250.000	-450.000	424	217	053	0.000	1.000
040	-149.774	 450.106	419	225	046	0.000	1.000
041	-149.873	 350.009	407	226	021	0.000	1.000
042	-150.069	 250.030	321	243	030	0.000	1.000
043	-150.069	 150.285	323	231	040	0.000	1.000
044	-149.967	  50.087	304	256	045	0.000	1.000
045	-149.912	 -49.848	312	237	065	0.000	1.000
046	-149.830	-150.159	309	258	005	0.000	1.000
047	-149.934	-250.178	308	227	024	0.000	1.000
048	-150.085	-350.308	415	223	067	0.000	1.000
049	-150.000	-450.000	425	222	059	0.000	1.000
052	 -50.046	 249.838	301	233	072	0.000	1.000
053	 -49.949	 149.996	311	245	025	0.000	1.000
057	 -50.000	-250.000	418	216	064	0.000	1.000
058	 -50.000	-350.000	416	215	063	0.000	1.000
062	  50.064	 250.045	319	137	023	0.000	1.000
063	  49.953	 149.931	041	133	015	0.000	1.000
067	  49.962	-250.085	025	154	032	0.000	1.000
068	  49.925	-350.253	417	126	016	0.000	1.000
071	 150.064	 349.964	406	117	081	0.000	1.000
072	 150.274	 250.268	405	115	060	0.000	1.000
073	 150.246	 149.922	404	143	071	0.000	1.000
074	 150.107	  49.992	403	142	070	0.000	1.000
075	 150.131	 -50.058	324	156	055	0.000	1.000
076	 150.393	-150.220	325	147	044	0.000	1.000
077	 149.982	-250.206	402	141	061	0.000	1.000
078	 150.000	-350.000	422	124	069	0.000	1.000
079	 150.300	-450.120	401	123	068	0.000	1.000
081	 250.067	 349.973	327	118	017	0.000	1.000
082	 250.321	 250.099	326	146	034	0.000	1.000
083	 250.271	 150.032	328	112	048	0.000	1.000
084	 250.184	  50.127	322	128	062	0.000	1.000
085	 250.334	 -50.039	307	131	076	0.000	1.000
086	 250.070	-150.008	203	151	031	0.000	1.000
087	 250.182	-249.993	204	145	037	0.000	1.000
088	 249.964	-350.040	329	144	029	0.000	1.000
089	 250.000	-450.000	423	114	066	0.000	1.000
091	 350.136	 350.156	205	113	058	0.000	1.000
092	 349.799	 249.853	330	132	075	0.000	1.000
093	 349.407	 148.773	008	157	054	0.000	1.000
094	 350.387	  50.167	032	155	028	0.000	1.000
095	 349.873	 -49.401	426	158	004	0.000	1.000
096	 350.141	-150.050	038	134	014	0.000	1.000
097	 350.151	-250.207	017	135	022	0.000	1.000
098	 350.111	-350.258	027	122	001	0.000	1.000
103	 449.375	 150.006	013	152	019	0.000	1.000
104	 450.080	  49.984	016	153	026	0.000	1.000
105	 450.242	 -49.976	051	138	051	0.000	1.000
106	 450.133	-150.084	012	136	033	0.000	1.000
