# $Id$
# $Revision$
# $Author$
# $Date$
# IFUSLOT X_FP   Y_FP   SPECID SPECSLOT IFUID IFUROT  PLATESC
000     0.000     0.000  900  900  900    0.000    1.000
013  -449.966   149.931  412  241  043    0.000    1.000
014  -450.355    49.652  411  221  077    0.000    1.000
015  -450.188   -49.931  317  234  038    0.000    1.000
016  -450.277  -150.170  409  242  036    0.000    1.000
021  -349.986   350.287  315  218  073    0.000    1.000
022  -350.010   250.095  316  247  052    0.000    1.000
023  -350.387   150.109  313  255  010    0.000    1.000
024  -350.051    50.053  410  224  039    0.000    1.000
025  -350.095   -50.076  303  254  013    0.000    1.000
026  -349.965  -150.228  318  244  078    0.000    1.000
027  -350.140  -250.257  314  253  011    0.000    1.000
028  -350.063  -350.076  413  252  042    0.000    1.000
031  -249.978   350.196  408  211  049    0.000    1.000
032  -250.113   250.046  320  236  020    0.000    1.000
033  -249.924   149.958  310  257  002    0.000    1.000
034  -250.482    50.366  305  248  056    0.000    1.000
035  -249.892   -49.999  202  238  074    0.000    1.000
036  -249.872  -150.009  302  235  041    0.000    1.000
037  -249.954  -250.312  306  228  057    0.000    1.000
038  -249.913  -350.084  414  251  035    0.000    1.000
041  -149.940   350.070  407  226  021    0.000    1.000
042  -150.079   250.043  321  243  030    0.000    1.000
043  -150.110   150.223  323  231  040    0.000    1.000
044  -149.943    50.031  304  256  045    0.000    1.000
045  -149.919   -49.925  312  237  065    0.000    1.000
046  -149.812  -150.228  309  258  005    0.000    1.000
047  -149.900  -250.289  308  227  024    0.000    1.000
048  -150.000  -350.000  415  223  067    0.000    1.000
052   -50.075   249.810  301  233  072    0.000    1.000
053   -49.916   149.978  311  245  025    0.000    1.000
062    50.137   250.107  319  137  023    0.000    1.000
063    50.148   150.143  041  133  015    0.000    1.000
067    50.056  -250.207  025  154  032    0.000    1.000
068    50.000  -350.000  417  126  016    0.000    1.000
071   150.166   349.947  406  117  081    0.000    1.000
072   150.372   250.084  405  115  060    0.000    1.000
073   150.249   150.158  404  143  071    0.000    1.000
074   150.343    50.018  403  142  070    0.000    1.000
075   149.632   -49.971  324  156  055    0.000    1.000
076   150.084  -150.049  325  147  044    0.000    1.000
077   150.170  -250.125  402  141  061    0.000    1.000
078   150.000  -350.000  401  123  069    0.000    1.000
081   250.080   349.888  327  118  017    0.000    1.000
082   250.299   250.050  326  146  034    0.000    1.000
083   250.173   149.997  328  112  048    0.000    1.000
084   250.014    49.878  322  128  062    0.000    1.000
085   250.054   -50.168  307  131  076    0.000    1.000
086   250.184  -150.165  203  151  031    0.000    1.000
087   250.272  -250.249  204  145  037    0.000    1.000
088   250.018  -350.037  329  144  029    0.000    1.000
091   350.151   350.128  205  113  058    0.000    1.000
092   350.159   249.937  330  132  075    0.000    1.000
093   349.517   148.587  008  157  054    0.000    1.000
094   350.398    50.181  032  155  028    0.000    1.000
095   350.126   -49.371  020  158  004    0.000    1.000
096   350.183  -150.038  038  134  014    0.000    1.000
097   350.086  -250.016  017  135  022    0.000    1.000
098   350.146  -350.288  027  122  001    0.000    1.000
103   450.097   150.027  013  152  019    0.000    1.000
104   450.067    49.992  016  153  026    0.000    1.000
105   450.319   -49.863  051  138  051    0.000    1.000
106   450.207  -150.085  012  136  033    0.000    1.000
