# $Id$
# $Revision$
# $Author$
# $Date$
# IFUSLOT X_FP   Y_FP   SPECID SPECSLOT IFUID IFUROT  PLATESC
000     0.000     0.000  900  900  900    0.000    1.000
013  -449.986   149.946  412  241  043    0.000    1.000
014  -450.375    49.642  411  221  077    0.000    1.000
015  -450.226   -49.868  317  234  038    0.000    1.000
016  -450.303  -150.153  409  242  036    0.000    1.000
021  -349.940   350.215  315  218  073    0.000    1.000
022  -350.000   250.050  316  247  052    0.000    1.000
023  -350.377   150.097  313  255  010    0.000    1.000
024  -350.047    50.081  410  224  039    0.000    1.000
025  -350.111   -50.086  303  254  013    0.000    1.000
026  -349.951  -150.219  318  244  078    0.000    1.000
027  -350.096  -250.261  314  253  011    0.000    1.000
028  -350.101  -350.061  413  252  042    0.000    1.000
031  -249.970   350.215  408  211  049    0.000    1.000
032  -250.089   250.029  320  236  020    0.000    1.000
033  -249.908   149.977  310  257  002    0.000    1.000
034  -250.512    50.365  305  248  056    0.000    1.000
035  -249.904   -49.974  202  238  074    0.000    1.000
036  -249.866  -149.987  302  235  041    0.000    1.000
037  -249.920  -250.308  306  228  057    0.000    1.000
038  -249.917  -350.082  414  251  035    0.000    1.000
041  -149.944   350.056  407  226  021    0.000    1.000
042  -150.137   250.006  321  243  030    0.000    1.000
043  -150.119   150.263  323  231  040    0.000    1.000
044  -150.014    50.083  304  256  045    0.000    1.000
045  -149.932   -49.911  312  237  065    0.000    1.000
046  -149.832  -150.213  309  258  005    0.000    1.000
047  -149.959  -250.221  308  227  024    0.000    1.000
048  -150.000  -350.000  415  223  067    0.000    1.000
052   -50.127   249.832  301  233  072    0.000    1.000
053   -49.942   149.975  311  245  025    0.000    1.000
062    50.027   250.045  319  137  023    0.000    1.000
063    49.946   149.956  041  133  015    0.000    1.000
067    49.976  -250.082  025  154  032    0.000    1.000
068    50.000  -350.000  417  126  016    0.000    1.000
071   150.176   349.954  406  117  081    0.000    1.000
072   150.333   250.219  405  115  060    0.000    1.000
073   150.216   149.965  404  143  071    0.000    1.000
074   150.175    50.018  403  142  070    0.000    1.000
075   150.091   -50.038  324  156  055    0.000    1.000
076   150.402  -150.225  325  147  044    0.000    1.000
077   149.975  -250.229  402  141  061    0.000    1.000
078   150.000  -350.000  401  123  069    0.000    1.000
081   250.082   349.877  327  118  017    0.000    1.000
082   250.324   250.078  326  146  034    0.000    1.000
083   250.261   150.078  328  112  048    0.000    1.000
084   250.169    50.122  322  128  062    0.000    1.000
085   250.365   -50.060  307  131  076    0.000    1.000
086   250.117  -150.026  203  151  031    0.000    1.000
087   250.227  -250.018  204  145  037    0.000    1.000
088   250.034  -350.037  329  144  029    0.000    1.000
091   350.145   350.137  205  113  058    0.000    1.000
092   349.854   249.821  330  132  075    0.000    1.000
093   349.449   148.752  008  157  054    0.000    1.000
094   350.383    50.205  032  155  028    0.000    1.000
095   349.846   -49.400  020  158  004    0.000    1.000
096   350.183  -150.096  038  134  014    0.000    1.000
097   350.170  -250.232  017  135  022    0.000    1.000
098   350.172  -350.292  027  122  001    0.000    1.000
103   449.367   149.985  013  152  019    0.000    1.000
104   450.109    50.011  016  153  026    0.000    1.000
105   450.322   -50.023  051  138  051    0.000    1.000
106   450.186  -150.133  012  136  033    0.000    1.000
