013 -0.014 1
014 0.265 1
016 0.221 1
021 0.014 1
022 -0.012 1
023 0.321 1
025 0.081 1
026 -0.031 1
027 0.072 1
028 -0.217 1
031 -0.030 1
032 0.017 1
033 -0.172 1
034 0.384 1
035 -0.172 1
036 -0.132 1
037 -0.116 1
038 -0.055 1
040 -0.452 1
041 -0.198 1
042 0.001 1
043 0.019 1
044 -0.080 1
045 -0.108 1
046 -0.172 1
047 -0.091 1
048 0.170 1
052 -0.035 1
053 -0.044 1
062 -0.101 1
063 0.040 1
067 0.052 1
068 0.150 1
069 -0.242 1
071 0.048 1
072 -0.215 1
073 -0.276 1
074 -0.039 1
075 -0.171 1
076 -0.384 1
077 0.011 1
079 -0.600 1
081 -0.052 1
082 -0.318 1
083 -0.281 1
084 -0.199 1
085 -0.303 1
086 -0.023 1
087 -0.137 1
088 0.106 1
091 -0.127 1
092 0.256 1
093 0.635 1
094 -0.391 1
095 0.100 1
096 -0.099 1
097 -0.132 1
098 -0.050 1
103 0.617 1
104 -0.051 1
105 -0.162 1
106 -0.080 1
013 -0.070 2
014 0.182 2
016 0.105 2
021 -0.241 2
022 -0.142 2
023 -0.157 2
025 0.002 2
026 0.147 2
027 0.161 2
028 0.101 2
031 -0.247 2
032 -0.193 2
033 0.013 2
034 -0.393 2
035 -0.106 2
036 -0.071 2
037 0.164 2
038 -0.040 2
040 -0.212 2
041 0.038 2
042 -0.054 2
043 -0.307 2
044 -0.091 2
045 -0.215 2
046 0.105 2
047 0.135 2
048 0.616 2
052 0.156 2
053 -0.017 2
062 -0.045 2
063 0.094 2
067 0.088 2
068 0.506 2
069 0.164 2
071 0.026 2
072 -0.317 2
073 0.121 2
074 0.034 2
075 0.078 2
076 0.215 2
077 0.183 2
079 0.240 2
081 -0.069 2
082 -0.120 2
083 0.014 2
084 -0.132 2
085 0.018 2
086 -0.010 2
087 -0.032 2
088 0.043 2
091 -0.175 2
092 0.115 2
093 1.206 2
094 -0.129 2
095 -0.598 2
096 0.004 2
097 0.182 2
098 0.224 2
103 -0.027 2
104 0.043 2
105 -0.071 2
106 0.035 2
