0.033 013 1
-0.355 014 1
-0.188 015 1
-0.277 016 1
0.051 021 1
0.01 022 1
-0.372 023 1
-0.044 024 1
-0.104 025 1
0.046 026 1
-0.108 027 1
-0.063 028 1
0.022 031 1
-0.088 032 1
0.084 033 1
-0.501 034 1
0.088 035 1
0.13 036 1
0.068 037 1
0.087 038 1
0.06 041 1
-0.12 042 1
-0.119 043 1
0.002 044 1
0.064 045 1
0.17 046 1
0.041 047 1
0 048 1
-0.121 052 1
0.064 053 1
0.039 062 1
-0.038 063 1
-0.018 067 1
0 068 1
0.166 071 1
0.309 072 1
0.219 073 1
0.194 074 1
0.033 075 1
0.362 076 1
0.011 077 1
0 078 1
0.08 081 1
0.327 082 1
0.247 083 1
0.129 084 1
0.317 085 1
0.116 086 1
0.23 087 1
0.018 088 1
0.151 091 1
-0.124 092 1
-0.54 093 1
0.385 094 1
-0.114 095 1
0.175 096 1
0.137 097 1
0.146 098 1
-0.554 103 1
0.101 104 1
0.301 105 1
0.18 106 1
