-0.042 013 2
-0.348 014 2
0.069 015 2
-0.17 016 2
0.241 021 2
0.071 022 2
0.094 023 2
0.092 024 2
-0.083 025 2
-0.213 026 2
-0.249 027 2
-0.076 028 2
0.196 031 2
0.05 032 2
-0.026 033 2
0.364 034 2
0.035 035 2
0.025 036 2
-0.29 037 2
-0.084 038 2
0.07 041 2
0.007 042 2
0.266 043 2
0.075 044 2
0.099 045 2
-0.201 046 2
-0.226 047 2
0 048 2
-0.17 052 2
-0.018 053 2
0.045 062 2
-0.017 063 2
-0.097 067 2
0 068 2
-0.053 071 2
0.203 072 2
-0.003 073 2
0.034 074 2
-0.029 075 2
-0.196 076 2
-0.205 077 2
0 078 2
-0.112 081 2
0.061 082 2
0.075 083 2
0.093 084 2
-0.07 085 2
-0.048 086 2
-0.047 087 2
-0.037 088 2
0.128 091 2
-0.166 092 2
-1.277 093 2
0.208 094 2
0.6 095 2
-0.095 096 2
-0.205 097 2
-0.288 098 2
-0.005 103 2
-0.005 104 2
-0.02 105 2
-0.12 106 2
