013  -449.939   150.004
014  -450.272    49.723
015  -450.032   -50.059 
016  -450.245  -150.132
021  -349.935   350.271
022  -349.990   250.113
023  -350.349   150.138
024  -350.022    50.154
025  -350.084   -50.000
026  -349.942  -150.139
027  -350.107  -250.143
028  -349.967  -350.063
030  -250.008   450.133
031  -249.949   350.238
032  -250.074   250.126
033  -249.892   150.003
035  -249.900   -49.906
036  -249.859  -149.932
037  -249.915  -250.208
038  -249.913  -349.971
039  -249.970  -450.225
040  -149.770   450.069
041  -149.892   350.031
042  -150.076   250.040
043  -150.071   150.299
044  -149.975    50.105
045  -149.922   -49.854
046  -149.812  -150.131
047  -149.943  -250.153
048  -150.091  -350.284
049  -150.004  -450.166
052   -50.082   249.857
053   -49.945   149.992
057   -49.931  -250.195
058   -50.016  -350.110
062    50.071   250.041
063    49.939   149.965
067    49.936  -250.028
068    49.896  -350.252
069    50.172  -450.231
071   150.091   349.982
072   150.230   250.268
073   150.200   149.965
074   150.109    50.017
075   150.109   -50.020
076   150.371  -150.181
077   149.929  -250.176
078   150.074  -350.168
079   150.257  -450.087
081   250.057   349.975
082   250.317   250.102
083   250.264   150.064
084   250.156    50.142
085   250.338   -50.013
086   250.074  -149.986
087   250.152  -249.934
088   249.942  -349.979
089   250.106  -450.171
091   350.124   350.185
092   349.802   249.858
093   349.412   148.758
094   350.373    50.195
095   349.858   -49.386
096   350.108  -150.036
097   350.148  -250.150
098   350.100  -350.231
103   449.442   150.044
104   450.065    50.019
105   450.252   -49.955
106   450.093  -150.032
