013 4.33865888E-03 -4.71546873E-02 1212 0.471345305 0.456459701
014 7.10981386E-03 -4.84366752E-02 1348 0.464510381 0.452714503
015 -7.32426047E-02 -2.50515230E-02 1076 0.457020283 0.451824933
016 2.85918009E-03 -1.68536846E-02 1269 0.473802835 0.457478046
021 -4.31923643E-02 -4.17743102E-02 1246 0.458670765 0.483677417
022 -1.71703510E-02 -4.19623265E-03 1247 0.421829075 0.481811911
023 -1.08983852E-02 3.09675524E-04 1488 0.417328805 0.415125430
024 0.191351980 -0.193847537 818 0.480588049 0.480143458
025 -4.43373434E-02 -1.20365284E-02 1497 0.445326567 0.469973683
026 -4.42715958E-02 -1.80136301E-02 1295 0.441592813 0.405588984
027 -6.83262199E-02 2.31139977E-02 1286 0.493167251 0.466245353
028 -1.79088134E-02 2.54533999E-02 1046 0.430375695 0.406274140
030 -0.132913232 8.48903414E-03 696 0.481708616 0.499891251
031 -7.36840488E-03 -2.08135024E-02 1251 0.441029102 0.472365946
032 -1.48327434E-02 2.10809615E-02 1428 0.438382119 0.428397447
033 -2.11901441E-02 2.40702592E-02 1402 0.408568978 0.396040291
034 -2.87837368E-02 -6.38144836E-03 1311 0.416374713 0.402971506
035 -2.84173172E-02 3.39534879E-02 1457 0.425761729 0.409793586
036 -2.58622374E-02 -7.54355965E-03 1482 0.413267434 0.390330523
037 -2.74940003E-02 1.29015902E-02 1487 0.429156542 0.426581532
038 -4.95593958E-02 -1.80876683E-02 1313 0.422528446 0.416640878
039 0.224728659 -3.04251648E-02 690 0.536763012 0.529799461
040 3.74154560E-02 -3.92302964E-03 969 0.425740451 0.463999629
041 -2.17360649E-02 1.87352058E-02 1442 0.424849063 0.431529373
042 -1.00785224E-02 6.88434020E-03 1542 0.403096318 0.389398217
043 -1.41023081E-02 1.54556474E-03 1584 0.394806236 0.416050613
044 -1.76669955E-02 7.84438755E-03 1538 0.403065264 0.397222936
045 6.47442183E-03 9.74730775E-03 1617 0.385656148 0.412032247
046 -2.82289572E-02 -1.76833160E-02 1713 0.420150161 0.403900594
047 -2.45030466E-02 9.01794620E-03 1499 0.470713884 0.460164070
048 -2.40096580E-02 5.72952116E-03 1454 0.438464791 0.461227179
049 0.165840119 4.02008975E-03 636 0.459461659 0.459658980
052 -1.89441033E-02 3.55853960E-02 1685 0.381682515 0.380997211
053 3.60564771E-03 -4.17712424E-03 1570 0.427649856 0.419472277
057 0.195397869 -6.89631775E-02 1090 0.420967251 0.413757384
058 0.109754644 1.59351267E-02 1071 0.391845316 0.412489206
062 4.31733532E-03 -7.01090228E-03 1010 0.420434892 0.432130575
063 -3.37310918E-02 1.38525395E-02 1729 0.401235789 0.415660858
067 -5.72197773E-02 2.63473149E-02 1442 0.423455745 0.439728945
068 -1.30890531E-03 2.85926219E-02 1438 0.445176393 0.456205189
069 0.149358690 -5.06376885E-02 821 0.428059757 0.493395418
071 -1.82170197E-02 -2.72975359E-02 1399 0.446755588 0.455827594
072 8.03129878E-05 4.43341322E-02 1525 0.422121584 0.434566051
073 -4.26742025E-02 4.60808389E-02 1750 0.392725646 0.396420151
074 -2.51165815E-02 -2.46406230E-03 1736 0.393649876 0.382970363
075 -3.83577123E-02 2.24236231E-02 1695 0.392862320 0.364316791
076 -3.88336852E-02 2.22065542E-02 1641 0.404982477 0.381651908
077 -2.99405437E-02 5.32308742E-02 1544 0.404280305 0.446119070
078 0.167802945 -7.42121860E-02 865 0.434036434 0.442315131
079 -3.27268727E-02 4.31910940E-02 1051 0.445607692 0.492409497
081 -2.26360420E-03 1.02314241E-02 1525 0.431982607 0.463598281
082 -2.88096163E-03 4.09718091E-03 1355 0.419016033 0.437246025
083 -3.20161432E-02 6.71348441E-03 1502 0.409726709 0.415597647
084 -1.53465783E-02 2.82873828E-02 1506 0.415204763 0.401322007
085 -2.58402824E-02 -4.11490956E-03 1545 0.403150380 0.378518492
086 -2.21526679E-02 -3.70668317E-03 1412 0.388451576 0.391820043
087 -5.91870770E-02 2.97001619E-02 1363 0.434249252 0.423737466
088 -6.09878451E-02 2.22704634E-02 1477 0.412616700 0.489240557
089 0.170735732 -0.106415071 618 0.453809857 0.520550966
091 -2.85687111E-02 1.17704999E-02 1152 0.520130217 0.452266276
092 -4.64485027E-03 -2.56775110E-03 1339 0.472115278 0.462956876
093 1.51462285E-02 -5.19200228E-03 1302 0.420290083 0.426517397
094 -2.84307171E-02 1.37672629E-02 1425 0.409509748 0.443722129
095 -1.46452961E-02 1.49922948E-02 652 0.397762507 0.419154882
096 -1.44137191E-02 3.34718935E-02 1379 0.457388818 0.431457251
097 -5.71457930E-02 3.35672917E-03 1225 0.463687330 0.488687217
098 -2.74688508E-02 1.06348610E-02 1121 0.449054211 0.437469125
103 -3.77888866E-02 -6.65141866E-02 1227 0.492884427 0.448924452
104 -3.47991362E-02 1.54760182E-02 1327 0.480784804 0.467425555
105 -2.08360571E-02 -9.60706640E-03 1280 0.457319319 0.429801017
106 -5.24282679E-02 4.00673151E-02 1287 0.468228579 0.461220682
