013    -0.061    -0.004
014     0.272     0.277
015   -99.978  -100.154
016     0.245     0.132
021    -0.065    -0.271
022    -0.010    -0.113
023     0.349    -0.138
024   100.032   100.059
025     0.084    -0.000
026    -0.058     0.139
027     0.107     0.143
028    -0.033     0.063
031    -0.051    -0.238
032     0.074    -0.126
033    -0.108    -0.003
035    -0.100    -0.094
036    -0.141    -0.068
037    -0.085     0.208
038    -0.087    -0.029
040    -0.230    -0.069
041    -0.108    -0.031
042     0.076    -0.040
043     0.071    -0.299
044    -0.025    -0.105
045    -0.078    -0.146
046    -0.188     0.131
047    -0.057     0.153
048     0.091     0.284
052     0.082     0.143
053    -0.055     0.008
062    -0.071    -0.041
063     0.061     0.035
067     0.064     0.028
068     0.104     0.252
069    -0.172     0.231
071    -0.091     0.018
072    -0.230    -0.268
073    -0.200     0.035
074    -0.109    -0.017
075    -0.109     0.020
076    -0.371     0.181
077     0.071     0.176
078    -0.074     0.168
079    -0.257     0.087
081    -0.057     0.025
082    -0.317    -0.102
083    -0.264    -0.064
084    -0.156    -0.142
085    -0.338     0.013
086    -0.074    -0.014
087    -0.152    -0.066
088     0.058    -0.021
091    -0.124    -0.185
092     0.198     0.142
093     0.588     1.242
094    -0.373    -0.195
095     0.142    -0.614
096    -0.108     0.036
097    -0.148     0.150
098    -0.100     0.231
103     0.558    -0.044
104    -0.065    -0.019
105    -0.252    -0.045
106    -0.093     0.032
