013  -449.939   150.004  412  241  043    0.000    1.000   0.46  1212
014  -450.272    49.723  411  221  077    0.000    1.000   0.46  1348
015  -350.022    50.154  410  224  039    0.000    1.000   0.45  1076
016  -450.245  -150.132  409  242  036    0.000    1.000   0.47  1269
021  -349.935   350.271  315  218  073    0.000    1.000   0.47  1246
022  -349.990   250.113  316  247  052    0.000    1.000   0.45  1247
023  -350.349   150.138  313  255  010    0.000    1.000   0.42  1488
024  -450.032   -50.059  317  234  038    0.000    1.000   0.48   818
025  -350.084   -50.000  303  254  013    0.000    1.000   0.46  1497
026  -349.942  -150.139  318  244  078    0.000    1.000   0.42  1295
027  -350.107  -250.143  314  253  011    0.000    1.000   0.48  1286
028  -349.967  -350.063  413  252  042    0.000    1.000   0.42  1046
030  -250.008   450.133  420  212  050    0.000    1.000   0.49   696
031  -249.949   350.238  408  211  049    0.000    1.000   0.46  1251
032  -250.074   250.126  320  236  020    0.000    1.000   0.43  1428
033  -249.892   150.003  310  257  002    0.000    1.000   0.40  1402
035  -249.900   -49.906  202  238  074    0.000    1.000   0.42  1457
036  -249.859  -149.932  302  235  041    0.000    1.000   0.40  1482
037  -249.915  -250.208  306  228  057    0.000    1.000   0.43  1487
038  -249.913  -349.971  414  251  035    0.000    1.000   0.42  1313
039  -249.970  -450.225  424  217  053    0.000    1.000   0.53   690
040  -149.770   450.069  419  225  046    0.000    1.000   0.45   969
041  -149.892   350.031  407  226  021    0.000    1.000   0.43  1442
042  -150.076   250.040  321  243  030    0.000    1.000   0.40  1542
043  -150.071   150.299  323  231  040    0.000    1.000   0.41  1584
044  -149.975    50.105  304  256  045    0.000    1.000   0.40  1538
045  -149.922   -49.854  312  237  065    0.000    1.000   0.40  1617
046  -149.812  -150.131  309  258  005    0.000    1.000   0.41  1713
047  -149.943  -250.153  308  227  024    0.000    1.000   0.47  1499
048  -150.091  -350.284  415  223  067    0.000    1.000   0.45  1454
049  -150.004  -450.166  425  222  059    0.000    1.000   0.46   636
052   -50.082   249.857  301  233  072    0.000    1.000   0.38  1685
053   -49.945   149.992  311  245  025    0.000    1.000   0.42  1570
057   -49.931  -250.195  418  216  064    0.000    1.000   0.42  1090
058   -50.016  -350.110  416  215  063    0.000    1.000   0.40  1071
062    50.071   250.041  319  137  023    0.000    1.000   0.43  1010
063    49.939   149.965  041  133  015    0.000    1.000   0.41  1729
067    49.936  -250.028  025  154  032    0.000    1.000   0.43  1442
068    49.896  -350.252  417  126  016    0.000    1.000   0.45  1438
069    50.172  -450.231  421  127  006    0.000    1.000   0.46   821
071   150.091   349.982  406  117  081    0.000    1.000   0.45  1399
072   150.230   250.268  405  115  060    0.000    1.000   0.43  1525
073   150.200   149.965  404  143  071    0.000    1.000   0.39  1750
074   150.109    50.017  403  142  070    0.000    1.000   0.39  1736
075   150.109   -50.020  324  156  055    0.000    1.000   0.38  1695
076   150.371  -150.181  325  147  044    0.000    1.000   0.39  1641
077   149.929  -250.176  402  141  061    0.000    1.000   0.43  1544
078   150.074  -350.168  422  124  069    0.000    1.000   0.44   865
079   150.257  -450.087  401  123  068    0.000    1.000   0.47  1051
081   250.057   349.975  327  118  017    0.000    1.000   0.45  1525
082   250.317   250.102  326  146  034    0.000    1.000   0.43  1355
083   250.264   150.064  328  112  048    0.000    1.000   0.41  1502
084   250.156    50.142  322  128  062    0.000    1.000   0.41  1506
085   250.338   -50.013  307  131  076    0.000    1.000   0.39  1545
086   250.074  -149.986  203  151  031    0.000    1.000   0.39  1412
087   250.152  -249.934  204  145  037    0.000    1.000   0.43  1363
088   249.942  -349.979  329  144  029    0.000    1.000   0.45  1477
089   250.106  -450.171  423  114  066    0.000    1.000   0.49   618
091   350.124   350.185  205  113  058    0.000    1.000   0.49  1152
092   349.802   249.858  330  132  075    0.000    1.000   0.47  1339
093   349.412   148.758  008  157  054    0.000    1.000   0.42  1302
094   350.373    50.195  032  155  028    0.000    1.000   0.43  1425
095   349.858   -49.386  426  158  004    0.000    1.000   0.41   652
096   350.108  -150.036  038  134  014    0.000    1.000   0.44  1379
097   350.148  -250.150  017  135  022    0.000    1.000   0.48  1225
098   350.100  -350.231  027  122  001    0.000    1.000   0.44  1121
103   449.442   150.044  013  152  019    0.000    1.000   0.47  1227
104   450.065    50.019  016  153  026    0.000    1.000   0.47  1327
105   450.252   -49.955  051  138  051    0.000    1.000   0.44  1280
106   450.093  -150.032  012  136  033    0.000    1.000   0.46  1287
