0.033 -0.042 1 013
-0.355 -0.348 1 014
-0.188 0.069 1 015
-0.277 -0.17 1 016
0.051 0.241 1 021
0.01 0.071 1 022
-0.372 0.094 1 023
-0.044 0.092 1 024
-0.104 -0.083 1 025
0.046 -0.213 1 026
-0.108 -0.249 1 027
-0.063 -0.076 1 028
0.022 0.196 1 031
-0.088 0.05 1 032
0.084 -0.026 1 033
-0.501 0.364 1 034
0.088 0.035 1 035
0.13 0.025 1 036
0.068 -0.29 1 037
0.087 -0.084 1 038
0.06 0.07 1 041
-0.12 0.007 1 042
-0.119 0.266 1 043
0.002 0.075 1 044
0.064 0.099 1 045
0.17 -0.201 1 046
0.041 -0.226 1 047
0 0 1 048
-0.121 -0.17 1 052
0.064 -0.018 1 053
0.039 0.045 1 062
-0.038 -0.017 1 063
-0.018 -0.097 1 067
0 0 1 068
0.166 -0.053 1 071
0.309 0.203 1 072
0.219 -0.003 1 073
0.194 0.034 1 074
0.033 -0.029 1 075
0.362 -0.196 1 076
0.011 -0.205 1 077
0 0 1 078
0.08 -0.112 1 081
0.327 0.061 1 082
0.247 0.075 1 083
0.129 0.093 1 084
0.317 -0.07 1 085
0.116 -0.048 1 086
0.23 -0.047 1 087
0.018 -0.037 1 088
0.151 0.128 1 091
-0.124 -0.166 1 092
-0.54 -1.277 1 093
0.385 0.208 1 094
-0.114 0.6 1 095
0.175 -0.095 1 096
0.137 -0.205 1 097
0.146 -0.288 1 098
-0.554 -0.005 1 103
0.101 -0.005 1 104
0.301 -0.02 1 105
0.18 -0.12 1 106
