0.0534135
0.497121
0.200262
0.325006
0.246337
0.0717008
0.383693
0.10198
0.13306
0.217911
0.271413
0.0987168
0.197231
0.101213
0.0879318
0.619271
0.0947048
0.132382
0.297866
0.120934
0.0921954
0.120204
0.291405
0.0750267
0.117886
0.263251
0.229689
0.208665
0.0664831
0.0595483
0.0416293
0.098656
0.174256
0.369716
0.219021
0.196957
0.0439318
0.411655
0.205295
0.137637
0.332641
0.258136
0.159028
0.324637
0.125539
0.234753
0.0411461
0.197952
0.2072
1.38648
0.437595
0.610734
0.199123
0.246564
0.322893
0.554023
0.101124
0.301664
0.216333
